0.000000000000000000e+00 -9.687506980132442047e-01 1.000000000000000000e+00
1.000000000000000056e-01 1.029486614190767702e+00 1.000000000000000000e+00
2.000000000000000111e-01 1.599806663059626932e-01 1.000000000000000000e+00
3.000000000000000444e-01 -3.778869392398300775e-01 1.000000000000000000e+00
4.000000000000000222e-01 5.203490373352618326e-01 1.000000000000000000e+00
5.000000000000000000e-01 4.722020586707885159e-01 1.000000000000000000e+00
6.000000000000000888e-01 1.951859540533635196e+00 1.000000000000000000e+00
7.000000000000000666e-01 -5.457910916031186721e-01 1.000000000000000000e+00
8.000000000000000444e-01 1.820305327536609896e-01 1.000000000000000000e+00
9.000000000000000222e-01 2.727136236262492908e+00 1.000000000000000000e+00
1.000000000000000000e+00 1.029660432766718259e+00 1.000000000000000000e+00
1.100000000000000089e+00 1.985352582035171176e+00 1.000000000000000000e+00
1.200000000000000178e+00 8.707991317099292861e-01 1.000000000000000000e+00
1.300000000000000044e+00 1.497849885027939809e-01 1.000000000000000000e+00
1.400000000000000133e+00 2.006413197632286316e+00 1.000000000000000000e+00
1.500000000000000000e+00 2.323135299209638793e-01 1.000000000000000000e+00
1.600000000000000089e+00 1.191802050987100792e+00 1.000000000000000000e+00
1.700000000000000178e+00 1.639855863052152696e+00 1.000000000000000000e+00
1.800000000000000044e+00 8.774745129519556652e-01 1.000000000000000000e+00
1.900000000000000133e+00 1.727409205635709988e+00 1.000000000000000000e+00
2.000000000000000000e+00 1.941254861458165282e+00 1.000000000000000000e+00
2.100000000000000089e+00 1.935868475976070258e+00 1.000000000000000000e+00
2.200000000000000178e+00 5.376795552393996980e-01 1.000000000000000000e+00
2.300000000000000266e+00 1.016194498535714086e+00 1.000000000000000000e+00
2.400000000000000355e+00 2.181457151348218382e+00 1.000000000000000000e+00
2.500000000000000000e+00 2.725272980183034432e-01 1.000000000000000000e+00
2.600000000000000089e+00 -3.970292375634283388e-01 1.000000000000000000e+00
2.700000000000000178e+00 2.190689342360359948e+00 1.000000000000000000e+00
2.800000000000000266e+00 -4.025287238512784693e-01 1.000000000000000000e+00
2.900000000000000355e+00 -5.043775734711687386e-01 1.000000000000000000e+00
3.000000000000000000e+00 -2.006502009771581996e+00 1.000000000000000000e+00
3.100000000000000089e+00 1.539814766918548683e+00 1.000000000000000000e+00
3.200000000000000178e+00 -4.204767971441318308e-01 1.000000000000000000e+00
3.300000000000000266e+00 7.125806846165988473e-01 1.000000000000000000e+00
3.400000000000000355e+00 -1.476472824675639783e-02 1.000000000000000000e+00
3.500000000000000000e+00 -1.107260487554867057e+00 1.000000000000000000e+00
3.600000000000000089e+00 -3.536347435187567334e-01 1.000000000000000000e+00
3.700000000000000178e+00 -1.276136192950494630e+00 1.000000000000000000e+00
3.800000000000000266e+00 -7.405452410445934053e-01 1.000000000000000000e+00
3.900000000000000355e+00 7.395714187257285133e-02 1.000000000000000000e+00
4.000000000000000000e+00 -1.723026346020157806e-01 1.000000000000000000e+00
4.100000000000000533e+00 -1.410231410917954786e+00 1.000000000000000000e+00
4.200000000000000178e+00 -2.445346566486601425e-01 1.000000000000000000e+00
4.299999999999999822e+00 -3.543766668478675053e-01 1.000000000000000000e+00
4.400000000000000355e+00 2.519718658950209633e-02 1.000000000000000000e+00
4.500000000000000000e+00 -1.918750572601185311e+00 1.000000000000000000e+00
4.600000000000000533e+00 1.048192453355547560e-01 1.000000000000000000e+00
4.700000000000000178e+00 -3.149197655278138441e+00 1.000000000000000000e+00
4.800000000000000711e+00 -2.848590961406761712e-01 1.000000000000000000e+00
4.900000000000000355e+00 -1.690746163504228239e+00 1.000000000000000000e+00
5.000000000000000000e+00 -1.578735292436713733e-01 1.000000000000000000e+00
5.100000000000000533e+00 -6.342791086875145812e-01 1.000000000000000000e+00
5.200000000000000178e+00 -4.036448955715532527e-02 1.000000000000000000e+00
5.300000000000000711e+00 -9.205914346956730610e-01 1.000000000000000000e+00
5.400000000000000355e+00 -2.296899279276768624e+00 1.000000000000000000e+00
5.500000000000000000e+00 -1.432346233475783492e+00 1.000000000000000000e+00
5.600000000000000533e+00 -4.402727988597173181e-01 1.000000000000000000e+00
5.700000000000000178e+00 -9.505515050155655121e-01 1.000000000000000000e+00
5.800000000000000711e+00 -1.839933388571520556e+00 1.000000000000000000e+00
5.900000000000000355e+00 -4.015197280488741249e+00 1.000000000000000000e+00
6.000000000000000000e+00 -2.214112291621388895e+00 1.000000000000000000e+00
6.100000000000000533e+00 1.520281569966011936e+00 1.000000000000000000e+00
6.200000000000000178e+00 -1.353949456741726065e+00 1.000000000000000000e+00
6.300000000000000711e+00 7.834872723997136079e-01 1.000000000000000000e+00
6.400000000000000355e+00 7.349914934316712500e-01 1.000000000000000000e+00
6.500000000000000000e+00 3.531156957330761070e-01 1.000000000000000000e+00
6.600000000000000533e+00 8.084479005358825576e-01 1.000000000000000000e+00
6.700000000000000178e+00 1.066518693251317096e-02 1.000000000000000000e+00
6.800000000000000711e+00 3.215709562256808263e-01 1.000000000000000000e+00
6.900000000000000355e+00 8.716526378357492000e-02 1.000000000000000000e+00
7.000000000000000000e+00 2.153506971661670377e+00 1.000000000000000000e+00
7.100000000000000533e+00 9.840111668647233412e-01 1.000000000000000000e+00
7.200000000000000178e+00 9.150619776412777240e-01 1.000000000000000000e+00
7.300000000000000711e+00 4.594904199526610444e-01 1.000000000000000000e+00
7.400000000000000355e+00 2.174738734894440917e+00 1.000000000000000000e+00
7.500000000000000000e+00 1.756972815860458503e+00 1.000000000000000000e+00
7.600000000000000533e+00 -5.413326361680773635e-01 1.000000000000000000e+00
7.700000000000000178e+00 8.872259916674478664e-01 1.000000000000000000e+00
7.800000000000000711e+00 1.672234246271655067e+00 1.000000000000000000e+00
7.900000000000000355e+00 7.000442153160917336e-01 1.000000000000000000e+00
8.000000000000000000e+00 1.868553818776933717e+00 1.000000000000000000e+00
8.099999999999999645e+00 2.386609251428700951e+00 1.000000000000000000e+00
8.200000000000001066e+00 9.015703134970063370e-01 1.000000000000000000e+00
8.300000000000000711e+00 1.561516381459506331e+00 1.000000000000000000e+00
8.400000000000000355e+00 2.258946227291569464e+00 1.000000000000000000e+00
8.500000000000000000e+00 1.109678171566068627e+00 1.000000000000000000e+00
8.599999999999999645e+00 -1.286349611039544261e+00 1.000000000000000000e+00
8.700000000000001066e+00 1.235391706180473115e+00 1.000000000000000000e+00
8.800000000000000711e+00 1.294041625653924221e+00 1.000000000000000000e+00
8.900000000000000355e+00 -7.069945216528261689e-02 1.000000000000000000e+00
9.000000000000000000e+00 1.132749741240510977e+00 1.000000000000000000e+00
9.099999999999999645e+00 1.753690123689646052e+00 1.000000000000000000e+00
9.200000000000001066e+00 7.892036334960397248e-01 1.000000000000000000e+00
9.300000000000000711e+00 -5.216124817546899939e-01 1.000000000000000000e+00
9.400000000000000355e+00 -5.219487582995980812e-01 1.000000000000000000e+00
9.500000000000000000e+00 -2.514687287368387869e-01 1.000000000000000000e+00
9.600000000000001421e+00 -7.957399265614421013e-01 1.000000000000000000e+00
9.700000000000001066e+00 1.241904783232700593e+00 1.000000000000000000e+00
9.800000000000000711e+00 -7.591269773868769555e-01 1.000000000000000000e+00
9.900000000000000355e+00 -9.904512552263284864e-01 1.000000000000000000e+00
1.000000000000000000e+01 6.871924496954116002e-01 1.000000000000000000e+00
