0.000000000000000000e+00 1.238363484418178473e+02 1.394652881228802244e+02
8.964000000804662704e+04 -4.131869599970043794e+01 7.731044438049445944e+01
2.413627200011909008e+06 4.915975394650319430e+01 9.476635065432222405e+01
7.842156480029225349e+06 -1.100768602801451976e+02 1.099523553487732812e+02
8.443405440026521683e+06 -4.945943400033602444e+01 8.447353000855130745e+01
8.525692800012230873e+06 3.966896533667940616e+01 5.687681912570585041e+01
1.061404128002375364e+07 4.887398489449977745e+01 8.301475600465848004e+01
1.345410431999266148e+07 -5.433884583134683766e+01 9.526458361406135111e+01
3.308997312003225088e+07 -3.727258501073615093e+01 1.198897950989941279e+02
3.420668448003083467e+07 1.010867542861702333e+02 1.129647018464997075e+02
3.688786656001210213e+07 1.072853508942115042e+02 9.314082263308162624e+01
6.445394208001345396e+07 -9.795526498857300624e+01 1.056195287019024249e+02
7.142692320002317429e+07 4.481871686767281204e+01 9.823492025376108927e+01
7.428411072003096342e+07 -4.435422009747040306e+01 8.570021616521069063e+01
1.020225196800202131e+08 -1.596572288906614290e+01 9.720566430090330812e+01
1.021114166400030255e+08 -6.223579799146880731e+01 8.272283150709256461e+01
1.104744355199933052e+08 1.701704740807697931e+02 1.006859937052078067e+02
1.105601875200077891e+08 5.102341643741910104e+01 7.443225633777619521e+01
1.310656809600278735e+08 1.974014700256239792e+02 9.101934430156785538e+01
1.609542748799934983e+08 1.604016947023724526e+02 1.082761923336154126e+02
1.897275139200299978e+08 8.546065428841014722e+00 9.803953342902835288e+01
2.454643612800076604e+08 -8.447023373647884625e+01 1.031222583560178947e+02
2.504654265600040555e+08 2.019594550276907796e+01 9.714162315679421056e+01
2.505427545600056648e+08 1.532624154257970872e+01 6.135642026318598852e+01
2.526313622400194407e+08 -8.877124659709949128e+01 9.062193313555239627e+01
2.530529942400097847e+08 3.089383144755356625e+01 8.717458064220515723e+01
2.531264860800102353e+08 -2.590881986717503693e+00 7.467531868193862010e+01
2.561566809600278735e+08 -1.780209584840747183e+01 8.785338284049741731e+01
2.562400483200296760e+08 4.884517572936005081e+01 6.910136159741138329e+01
2.579657673600018024e+08 1.048597167105173469e+02 8.511630529611092300e+01
2.580540249600246549e+08 1.351801992538042896e+02 6.617342332102799674e+01
2.594264716799944639e+08 -1.487659913979972792e+01 1.047770271181787933e+02
2.604750825600072742e+08 7.378739383266191609e+00 7.706604304749399148e+01
2.609825529600262642e+08 7.506688377028176262e+00 7.744681593554753363e+01
2.610598809600278735e+08 -1.720692192635965867e+01 6.566058950032042674e+01
2.636570304000109434e+08 2.721273421077873067e+01 8.212341119794977828e+01
2.661582412800237536e+08 3.628829522662408991e+00 8.069104194142258279e+01
2.683264233600050211e+08 -4.039297589324716142e+01 8.003238847534910860e+01
2.812239043199926615e+08 -8.633411809288223537e+01 8.727163490409165547e+01
2.813070124800324440e+08 2.540858027753432680e+01 6.015505943343514161e+01
2.813859907200068235e+08 5.191725015284642097e+01 5.881110902365545456e+01
2.814927379200026393e+08 1.558598696761090707e+01 6.211596228257266006e+01
2.836391817600175738e+08 -7.276478440237265488e+01 7.860965305840241513e+01
2.837225059200122952e+08 -7.239727577905020439e+01 6.169265669470409108e+01
2.893324665600121021e+08 1.284473447548371716e+01 8.303080308803637877e+01
2.906245439999967813e+08 2.931805633110969822e+01 8.290995977504410064e+01
2.907068572800189257e+08 1.036726705863288522e+01 6.482595561162104048e+01
2.941595654400184751e+08 -8.467653736183417834e+01 8.138374577600575321e+01
2.960499456000164151e+08 -1.079267685375185977e+02 8.281074161259603272e+01
2.961460051200225949e+08 -7.945161027878413940e+00 6.412062237681037402e+01
2.962271692800253630e+08 -3.795593038984137024e+01 5.855803108390974643e+01
2.997691977600127459e+08 -7.425752970431533129e+01 7.757969021368198526e+01
3.094886620799973607e+08 -7.421096814760747407e+01 8.550961218410776610e+01
3.095746905600249767e+08 -9.587643261854696064e+00 6.087871942157938321e+01
3.123289584000125527e+08 1.230578971922231091e+02 8.074447411981729772e+01
3.124158249600246549e+08 6.684547634760417623e+01 6.442430452254083662e+01
3.150046195199981332e+08 -1.455828987981912803e+01 8.702300698837983361e+01
3.151757001600220799e+08 -9.972629708129308312e+01 6.943294316845016567e+01
3.151757347200036049e+08 3.626410984125369907e+01 3.098997545046211854e+01
3.169083744000077248e+08 -1.549280752913801606e+01 7.787458105083005933e+01
3.170802412800237536e+08 1.408591877239235259e+02 7.376838528432368491e+01
3.170806473600178957e+08 -1.157704894648107974e+01 3.395194988693674532e+01
3.222427017600014806e+08 -7.809909161186676840e+01 7.816934787786590277e+01
3.222429782400146127e+08 3.995221115092042652e+01 2.432097672573308955e+01
3.244057689600214362e+08 -1.968492979845711943e+01 8.062690750697279896e+01
3.245804179200187325e+08 1.087304258556995151e+01 7.208650697917339301e+01
3.245806857600063086e+08 -3.948247094666098178e+01 2.852458550073544430e+01
3.295766879999935627e+08 1.064819118227536023e+02 8.210735261107650729e+01
3.295768521599963307e+08 -2.943975620486565248e+01 3.198710853662372955e+01
3.405079900799989700e+08 3.514344139669024258e+01 8.453321012190500028e+01
3.449801059200122952e+08 3.826804793099432001e+00 8.028535175695948567e+01
3.477512649600327015e+08 -1.383597060816142630e+02 7.727078064852953787e+01
3.477514031999990344e+08 3.809059887036600855e+01 3.542043015808679485e+01
3.479168592000022531e+08 2.015368888867970831e+00 6.755214829659281861e+01
3.479947401600301266e+08 4.318555684350526747e+01 6.405369383441212960e+01
3.480868771200209856e+08 6.958609716816839352e+01 5.996073670193943883e+01
3.484343001600220799e+08 -1.631096180547257859e+02 8.521482640399713659e+01
3.499006896000131965e+08 3.978305942327646250e+01 1.518672509803036803e+02
3.508359177599966526e+08 1.418153441798043843e+02 7.476003934592266376e+01
3.508374988800063729e+08 4.913599440339149993e+01 2.500265039688305180e+01
3.522230697600111365e+08 -2.237721225762674635e+02 7.338439045594185473e+01
3.522233548800095916e+08 3.691027445020156961e+01 2.006012391376694382e+01
3.527523907200068235e+08 2.868048896463662700e+01 7.589623591470417807e+01
3.534405321600124240e+08 5.855792317178861595e+01 7.827772051991273372e+01
3.543038755200013518e+08 -6.211376163725714150e+01 7.299022115549880141e+01
3.546477907200068235e+08 -6.149540491615037041e+01 6.973198545282609473e+01
3.547356249600246549e+08 9.343341056013592549e+01 5.672971182218819308e+01
3.548996812800318003e+08 -1.383958769365776664e+00 6.905388109710226274e+01
3.549838867200180888e+08 -6.466989084006064559e+01 9.227483115045424711e+01
3.550754275200158358e+08 8.010272038985894127e+00 6.781563593609247675e+01
3.551594601600140333e+08 -2.240650306226871891e+01 6.247163257036106643e+01
3.553240953600034118e+08 -5.237437748067770116e+01 8.526058670718983024e+01
3.554231961599931121e+08 1.666795238099100231e+02 6.344921030678660401e+01
3.554233257600143552e+08 -2.918365590238417084e+01 2.585049903401256799e+01
3.556768751999974251e+08 3.149552442996356660e+01 7.610649761553798953e+01
3.578380070400059223e+08 -1.551709495202702094e+01 7.302722446328480999e+01
3.605083113599985838e+08 -1.186731098835299889e+02 7.558954652236039351e+01
3.605929401600301266e+08 -2.951423571923642797e+01 6.558381738133603278e+01
3.713396572800189257e+08 -3.503908128207342543e+01 9.545023116699431398e+01
3.714265065600201488e+08 4.933658838003015745e+01 9.848193864588280633e+01
3.715148073600098491e+08 -2.578613528373004016e+01 7.327454665432458114e+01
3.715982092799931765e+08 -7.010639276696402078e+01 7.317661719311008994e+01
3.716877801599979401e+08 -4.475755311170988016e+00 6.822432097991139699e+01
3.755726438400149345e+08 8.649290933405428916e+01 1.148021422904171231e+02
3.756650572800189257e+08 -1.242391516477748183e+02 9.657693445475416638e+01
3.758381251200065017e+08 -2.844602021567875093e-04 8.572848314079452337e+01
3.791842070400059223e+08 3.489580977380803972e+00 9.435056274093787465e+01
3.792975984000205994e+08 -1.961975840795699710e+01 8.549800053884459317e+01
3.793797388800144196e+08 6.239894212772851390e+00 7.588412302843210000e+01
3.823003872000038624e+08 -6.480041762442337472e+01 9.363886064819745059e+01
3.824760729600101709e+08 5.845053751946857545e+01 9.774428059402275437e+01
3.864416083200216293e+08 5.225136775988978144e+01 8.468496493463533170e+01
3.865090521599963307e+08 -9.432834905714695850e+00 6.995731118020364647e+01
3.865939488000154495e+08 -2.641925135275828396e+01 6.998042582274717915e+01
3.866888678400278091e+08 -2.176103418613936924e+01 7.489792611545158252e+01
3.907451836800009012e+08 -1.232981219208443520e+02 9.128356287831610416e+01
3.928214016000196338e+08 1.818592984775575303e+02 8.356820267685768044e+01
3.929953075200319290e+08 7.310589423065397341e+01 7.868775764779641690e+01
3.931671139200299978e+08 5.819175457120759631e+01 7.168186812967124411e+01
3.938592124800324440e+08 2.298201923406968916e+01 1.066071464708155361e+02
4.022735097600191832e+08 -1.304709014176410165e+02 9.699316230261261751e+01
4.051270598400101066e+08 5.127330309527319230e+01 8.628631395405861326e+01
4.055594572800189257e+08 -4.907760455066659944e+01 1.011697001928502715e+02
4.056457708800047636e+08 -5.464470184697939459e+01 8.477106073119800556e+01
6.071911977600127459e+08 1.015579706163817661e+02 1.188809418372438529e+02
6.439817347200036049e+08 1.139944807093506540e+02 1.165839758716345642e+02
6.951659673600018024e+08 -1.143461196693547208e+02 1.018447829501651256e+02
6.969719347200036049e+08 -7.753298421726725564e+00 8.295144613126187494e+01
6.970600195199980736e+08 -6.856821156042676080e+01 5.890442672393786694e+01
6.990441782400145531e+08 -6.690054246236670110e+01 8.010012282817807261e+01
7.019244086400256157e+08 -4.363144969144102703e+01 8.378456051229552770e+01
7.020118195199980736e+08 4.008386528088763612e+01 5.816650614677928388e+01
7.023162412800238132e+08 -2.317379763722082320e+00 7.334803190458474376e+01
7.024873564800292253e+08 4.009317407242503606e+01 6.690970878930714605e+01
7.043439456000163555e+08 -4.389236142379316874e+01 7.637300753748486670e+01
7.045201152000055313e+08 8.978322335068202165e+01 6.626015762044818302e+01
7.048201564800292253e+08 2.744550436089279088e+01 7.069724829759753959e+01
7.048967673600018024e+08 -4.532943088745957283e+01 5.495706421666878327e+01
7.211352412800238132e+08 9.855777579184372428e+01 9.202236283512526427e+01
7.226411673600018024e+08 -7.376234893360741118e+00 7.817797198616416665e+01
7.256331043199926615e+08 2.854530704895908499e+01 7.614023833178585221e+01
7.258329043199926615e+08 -1.654459538247071464e+02 6.774974421514228595e+01
7.276138934400200844e+08 5.505538790115152636e+01 7.349415850095343217e+01
7.281579456000163555e+08 -1.749973302029918543e+01 7.173087530422871794e+01
7.337293977600127459e+08 -7.826716697498396513e+01 8.102687441830413206e+01
7.348887043199926615e+08 4.057180464829521327e+00 7.738904998836648019e+01
7.349612716799944639e+08 1.682056681262298170e+01 5.453466558720035096e+01
7.350483456000163555e+08 5.689647771432241541e+01 5.753111710143980417e+01
7.374715977600127459e+08 9.006580211316419593e+01 7.539022222390022421e+01
7.383031977600127459e+08 1.168957471173938387e+02 7.334801307187159125e+01
7.536034195199980736e+08 2.395702607515777416e+01 8.435081365218010774e+01
7.577442086400256157e+08 1.444579767053138823e+02 7.840665247139780547e+01
7.579186934400200844e+08 7.973489369955915151e+01 6.664858437302930838e+01
7.592663347200036049e+08 1.019852387092332435e+02 7.428041047084906268e+01
7.594350825600073338e+08 -8.682332568350646795e+01 6.525558030895055595e+01
7.604168716799944639e+08 5.696167843268771236e+01 7.213467055106791292e+01
7.623115977600127459e+08 -1.638715736518163979e+01 7.326440093207433790e+01
7.624904716799944639e+08 1.024036770542173791e+01 6.563086545732298305e+01
7.656896304000109434e+08 -1.347920649916668623e+01 7.571086861357582620e+01
7.681149043199926615e+08 -5.130365171367472499e+01 7.629510690279339258e+01
7.683123456000163555e+08 9.803712662406717016e+01 6.759489785910744786e+01
7.688111673600018024e+08 8.298421238300261393e+01 7.226628616748043044e+01
7.688638195199980736e+08 3.466210720993015570e+01 4.888219296102708711e+01
7.691763456000163555e+08 -5.186853448714597903e+01 6.930372184653455747e+01
7.863152716799944639e+08 -8.033204919268385424e+01 8.447756745104364029e+01
7.914084825600073338e+08 7.316398843135962693e+01 7.977343556652529344e+01
7.947068716799944639e+08 -4.956679967158591893e+01 7.862202190178894057e+01
7.961436086400256157e+08 2.129179562648082946e+00 7.563486317251276603e+01
7.962320304000109434e+08 1.446374699336995562e+01 5.756249733840893867e+01
7.965546825600073338e+08 6.204658864151002717e+01 7.018967791336274331e+01
7.972344086400256157e+08 -7.009049957634675820e+01 7.125246205721872172e+01
7.973035977600127459e+08 -6.157984282513798036e+01 5.265429687721226060e+01
7.974716716799944639e+08 3.037538523292806047e+01 6.428278053932471892e+01
7.993873152000055313e+08 -2.128123505678387772e+01 7.227522552433079284e+01
7.995665347200036049e+08 1.461887413409749570e+02 6.509042782966598395e+01
7.996620412800238132e+08 7.948887010417027277e+00 5.711910351764326776e+01
7.997616086400256157e+08 -7.312690783608331913e+01 5.860970535562976380e+01
8.016674716799944639e+08 6.448107194144364485e+01 7.315634167395612053e+01
8.020677456000163555e+08 -9.484053364164124034e+00 7.017961224514017715e+01
8.021541456000163555e+08 -2.031955200881301238e+01 5.562483331803758091e+01
8.026499347200036049e+08 1.137349905800122372e+02 7.140534044279893067e+01
8.154330825600073338e+08 -1.447951666126654402e+02 8.514499594215318723e+01
8.196676934400200844e+08 5.494683377206875008e+01 7.906116286649400138e+01
8.197115673600018024e+08 -3.061551346108809923e+01 4.939355819706430850e+01
8.204706086400256157e+08 4.768919587452711539e+01 7.426435354593368743e+01
8.217119347200036049e+08 -7.702567423635323962e+01 7.327655440166945766e+01
8.222289782400145531e+08 1.898116734565936170e+01 7.119691382042400107e+01
8.226441043199926615e+08 -3.552639723483559919e+01 7.059224847872494024e+01
8.239768934400200844e+08 -6.688092711572186033e+01 7.160480633626190183e+01
8.241253977600127459e+08 -7.900327372796859038e+01 6.283082584314549734e+01
8.242873977600127459e+08 9.059864103332540708e+01 6.322247543986790674e+01
8.245395043199926615e+08 -1.772395179906498299e+02 6.653101849062090878e+01
8.248149043199926615e+08 3.654884634482473871e+01 6.664523517064228031e+01
8.249742086400256157e+08 -1.589743008083747213e+02 6.252521056359154272e+01
8.250764716799944639e+08 3.687768100508176872e+01 5.745289341004789918e+01
8.264446934400200844e+08 -5.052765107540711398e+01 6.980816518235197066e+01
8.265199564800292253e+08 -8.272242001255183652e+01 5.288774892086223645e+01
8.275631673600018024e+08 -9.523947227827843420e+00 7.040366493562952144e+01
8.277312412800238132e+08 3.223656317478030076e+01 6.459866916613609078e+01
8.277909782400145531e+08 5.491941717143581592e+00 5.068914334204723815e+01
8.287464412800238132e+08 -7.451231986072395230e+00 7.053652209561259667e+01
8.290090195199980736e+08 -9.016789808083844093e+01 6.791527622336536751e+01
8.290329782400145531e+08 -3.000809475629982259e+01 3.640757480899821985e+01
8.299037347200036049e+08 -6.278316145718445540e+01 7.038946452259077091e+01
8.316185673600018024e+08 -1.874548826158715542e+02 7.161344746640465075e+01
8.317022716799944639e+08 6.358730632499893431e+01 5.516934430458355365e+01
8.320617043199926615e+08 -8.040041938464176496e+01 6.938713718409266562e+01
8.323151673600018024e+08 1.037829366207893855e+01 6.715687130008447525e+01
8.326617782400145531e+08 -3.533846358783650388e+00 6.791904751681664720e+01
8.343867456000163555e+08 5.093295749581973730e+00 7.140207918446917290e+01
8.346412195199980736e+08 4.561407335585515455e+01 6.763783854708410104e+01
8.347269456000163555e+08 7.730074041792184936e+00 5.593190524478260528e+01
8.348136825600073338e+08 4.305051832824220526e+01 5.594090591687390912e+01
8.349874934400200844e+08 -6.656299775872389546e+01 6.411524444862521932e+01
8.350735564800292253e+08 -7.781194383932370329e+01 5.572594559897923716e+01
8.351623152000055313e+08 1.702758605562753047e+01 5.684785876667943683e+01
8.352473673600018024e+08 9.138171087943520376e+01 5.564398852030060283e+01
8.362551456000163555e+08 -1.132524436083779165e+02 7.058883181069251123e+01
8.497031673600018024e+08 -8.176497200887159522e+01 9.660483159286319221e+01
8.511503673600018024e+08 -2.176059890114475337e+01 7.796350289251756749e+01
8.548736716799944639e+08 -2.022475961600871130e+02 8.097954326057873686e+01
8.554798195199980736e+08 -1.875017746489364612e+01 7.492094158693330996e+01
8.555655456000163555e+08 9.093521609518437288e+01 6.363352905552739713e+01
8.587225152000055313e+08 8.048029911270775472e+01 7.498714291520337838e+01
8.588953152000055313e+08 6.885091152149658456e+01 6.651573771350953734e+01
8.609331456000163555e+08 6.840538852915392454e+01 7.373240578656290722e+01
8.610188716799944639e+08 -8.359355512948958733e+01 5.626892884692304619e+01
8.611066195199980736e+08 7.137288761033035200e+01 5.656270626042484650e+01
8.619199977600127459e+08 7.900253198080167749e+01 7.147592857710736780e+01
8.625855456000163555e+08 7.502448526984420596e+01 7.078620437298650359e+01
8.627205456000163555e+08 9.584469089071042447e+01 6.517401503510819794e+01
8.630678304000109434e+08 -4.618762568329837848e+01 7.200546700127269162e+01
8.631505152000055313e+08 1.136880333131002452e+01 5.880965595922096867e+01
8.632369152000055313e+08 9.222568868797762320e+01 6.086178707230625662e+01
8.634211977600127459e+08 1.835436444376262699e+01 6.725702126706870843e+01
8.637586934400200844e+08 2.354829603050764675e+01 7.142609343117696596e+01
8.638477977600127459e+08 1.809999654320036555e+01 6.001165554701314875e+01
8.639291347200036049e+08 5.119300218121543367e+01 6.121800843690157024e+01
8.640165456000163555e+08 2.940759642772550464e+01 5.990602282827674685e+01
8.641053043199926615e+08 -4.083390724695703256e+01 5.988658390848565460e+01
8.643621456000163555e+08 5.888030157723806468e+01 7.168361814201877280e+01
8.645130086400256157e+08 -7.477093433997312388e+01 6.284313403566572731e+01
8.647144934400200844e+08 -1.623966985329923673e+01 6.974149928447852176e+01
8.659500825600073338e+08 6.914842500196705544e+01 6.955988910943077030e+01
8.660331043199926615e+08 -1.077352752343642095e+02 5.463261372404547700e+01
8.661201782400145531e+08 -2.623334057529944374e+01 5.530088508635191147e+01
8.662059043199926615e+08 -4.372652393905451795e+00 5.506226660199006062e+01
8.662912934400200844e+08 1.553116981187470280e+01 5.521194407151369887e+01
8.673291043199926615e+08 1.173426598561388268e+01 6.949837505472351040e+01
8.782165152000055313e+08 -1.250838024447023287e+02 8.700526614164068917e+01
8.783005564800292253e+08 -1.670806705372134502e+02 6.444258226961484581e+01
8.814420086400256157e+08 -1.023549670690008071e+02 7.686797536187471280e+01
8.833772304000109434e+08 1.117473406403538263e+02 7.549895797194056968e+01
8.834562086400256157e+08 1.458270919081487271e+01 5.781242513627136503e+01
8.834929977600127459e+08 4.027341022980128749e+00 6.485861299396218271e+01
8.835800716799944639e+08 -5.938505403329755694e+01 6.819487568643887698e+01
8.836671456000163555e+08 9.064230308549847237e+00 6.791679534288861930e+01
8.837535456000163555e+08 5.823806950561791496e+01 6.844930350866702895e+01
8.856475977600127459e+08 6.166894983269094155e+01 7.522099908884375452e+01
8.857285977600127459e+08 9.046218637783327665e+01 6.245821510061659865e+01
8.858423347200036049e+08 2.386013447223738737e+01 6.079237270982433472e+01
8.885804716799944639e+08 -6.436164810785713541e+01 7.313570127290653033e+01
8.886884716799944639e+08 7.835809968692630889e+01 5.913700471136950654e+01
8.889108825600073338e+08 1.508603378819059593e+01 6.694056509816128653e+01
8.890212412800238132e+08 9.948675451731167740e+00 6.047556457162923493e+01
8.904674304000109434e+08 4.743594788870463930e+01 7.110841952979860991e+01
8.905683456000163555e+08 -2.004636563992747256e+00 5.801163513598753951e+01
8.906675673600018024e+08 -2.541024627088704335e+01 5.785991204216576733e+01
8.907205564800292253e+08 3.511047074016472180e+01 4.780151053536168604e+01
8.907559977600127459e+08 4.846796422394886150e+01 4.182750518728342826e+01
8.907975043199926615e+08 3.394406344393311770e+01 4.394313086663077428e+01
8.908906521599962711e+08 1.393952809457511854e+01 5.610921306828606703e+01
8.909800934400200844e+08 -1.729700611617592898e+01 5.546888368385378953e+01
8.910577152000055313e+08 -1.394884191970796383e+00 5.334909575942711513e+01
8.911505347200036049e+08 7.212203213738443708e+01 5.582877493350903819e+01
8.913121977600127459e+08 2.082540629171153768e+01 6.331900857225164003e+01
8.913280521599962711e+08 -4.190406071443495506e+01 3.063484541210384293e+01
8.914077043199926615e+08 -8.259774978540556845e+01 5.356931133338277817e+01
8.931735043199926615e+08 -5.065832627880877403e+00 7.045016565230399408e+01
8.932588934400200844e+08 9.246701078293224896e+01 5.534548998468389414e+01
8.934819782400145531e+08 -6.062920422946443466e+01 7.729834267427274597e+01
8.937361152000055313e+08 1.281026832103778759e+02 6.714414550186965869e+01
8.941559673600018024e+08 9.773301125625143015e+01 6.937462499999108445e+01
8.962488086400256157e+08 -5.266179347924052223e+01 7.109385016240966593e+01
8.965954195199980736e+08 -2.051218760662446527e+02 6.869811838323190045e+01
8.966193782400145531e+08 6.104818005938477121e+00 3.581041297170497018e+01
8.985505564800292253e+08 -1.519662440572327355e+01 7.196985304917447479e+01
9.111609043199926615e+08 2.542412003869300108e+01 8.179798534734257487e+01
9.132378825600073338e+08 8.594130565260689991e+01 7.634836920196364929e+01
9.135763977600127459e+08 -2.731286278647128896e+01 7.110831571171679855e+01
9.162618825600073338e+08 2.129275974980187769e+01 7.425694774797628384e+01
9.175291977600127459e+08 6.968231717643051581e+01 7.368868956292617156e+01
9.176149152000055313e+08 2.018603297125257257e+01 5.832366639935885644e+01
9.177235977600127459e+08 2.453457882185915295e+01 5.981630003987094568e+01
9.177826521599962711e+08 6.661020726783364410e+01 5.055454897416807825e+01
9.178113456000163555e+08 2.666819243028984232e+01 3.902420577389267464e+01
9.178714195199980736e+08 7.770323972086990771e+00 5.406797905860886289e+01
9.178845782400145531e+08 -2.006988049501937965e+01 3.329033316031145517e+01
9.179497152000055313e+08 -3.092239211891297757e+01 5.124682646293975807e+01
9.180411782400145531e+08 2.414977615979416825e+01 5.599270944456464605e+01
9.182095977600127459e+08 5.940320696983490478e+01 6.378026099761045487e+01
9.184704825600073338e+08 2.473740266304147006e+00 6.677298608715075545e+01
9.185514825600073338e+08 -1.150371878832344485e+01 5.416967049587858440e+01
9.186395673600018024e+08 1.114584419168939711e+01 5.529107236054943542e+01
9.187421673600018024e+08 9.688749399480272473e+00 6.039453925236686160e+01
9.188245152000055313e+08 5.162138019681838941e+00 5.569533381752993506e+01
9.192420086400256157e+08 -5.782070556103741410e+01 6.767613020312820993e+01
9.193003977600127459e+08 7.791637824785352606e+00 5.041665560911696531e+01
9.193543977600127459e+08 5.094306560767174119e+01 4.870851765615408624e+01
9.194249347200036049e+08 7.076379190901263883e+01 5.263992708222495054e+01
9.194961456000163555e+08 -2.340434301612470236e+01 5.226508501032144238e+01
9.196696195199980736e+08 2.423814800704502392e+00 6.314244160891948354e+01
9.218626934400200844e+08 -7.303787378249533901e+01 7.094379870525125398e+01
9.259437456000163555e+08 2.096226848460834091e+01 7.706153025157297520e+01
9.262080086400256157e+08 -4.876172530568955210e+01 7.031029610783144790e+01
9.265120934400200844e+08 -5.012000233107690406e+01 6.968683339328929094e+01
9.286731043199926615e+08 1.616057070156927580e+02 7.319982409302743065e+01
9.422716521599962711e+08 1.385135545496777532e+01 8.241901338038223912e+01
9.437694825600073338e+08 1.240272418149953211e+02 7.631312685204085255e+01
9.449460086400256157e+08 -1.090231093888782610e+01 7.349690655171282572e+01
9.471900412800238132e+08 -2.193127605039407158e+01 7.331540942637823832e+01
9.499470825600073338e+08 -1.828995979769887299e+02 7.506847003285420783e+01
9.500344934400200844e+08 -6.064653531434282741e+01 5.642665804485622516e+01
9.502872825600073338e+08 1.324269438999860142e+02 6.851372433190378786e+01
9.518448412800238132e+08 -4.748310394313461558e+01 7.322290384582204581e+01
9.523865347200036049e+08 -8.102564575926311363e+01 7.156037438396394634e+01
9.547223673600018024e+08 -3.433418816716726951e+01 7.472101037953659386e+01
9.550348934400200844e+08 3.065622784403184919e+00 6.980072286895664035e+01
9.576214934400200844e+08 3.290602424291408568e+01 7.403570703408858833e+01
9.577878825600073338e+08 1.230340584065782839e+00 6.488915124802389300e+01
9.578742825600073338e+08 -1.222647214206389599e+01 5.602247147012345607e+01
9.591750086400256157e+08 -1.252324206901066495e+00 7.204788358533365056e+01
9.592603977600127459e+08 -1.519292735744876666e+01 5.563517800562746629e+01
9.593434195199980736e+08 -1.514678918183857093e+01 5.545131357949314577e+01
9.597764304000109434e+08 -3.793554799435033686e+01 6.961685404745038852e+01
9.620224934400200844e+08 1.246168557097266927e+02 7.208770453750179286e+01
9.751836412800238132e+08 2.925498650312421844e+01 8.268509087504487809e+01
9.770007456000163555e+08 -1.034091768441663675e+02 7.641441248251301488e+01
9.772926825600073338e+08 -4.867378321012589382e+00 7.131801348204889734e+01
9.776045347200036049e+08 1.128178004750868979e+02 6.950901252207303571e+01
9.798516086400256157e+08 -6.732736936456565502e+01 7.237692965389915400e+01
9.831179347200036049e+08 -6.661274338871720602e+01 7.582199196270379105e+01
9.851253782400145531e+08 9.002539672490621570e+01 7.573322846399278774e+01
9.875192716799944639e+08 9.812093592188102065e+00 7.552606675875691167e+01
9.877136716799944639e+08 -2.405516782989923996e+01 6.785476758493264526e+01
9.881179977600127459e+08 4.636747497269031726e+01 7.074823209070535768e+01
9.899354304000109434e+08 -8.723677697258892749e+01 7.263262698199604017e+01
9.927808934400200844e+08 1.257683342867915286e+02 7.440181313154295140e+01
9.929533564800292253e+08 -5.823732855679158860e+01 6.536836952077028684e+01
9.929840716799944639e+08 -5.411326501035276237e+01 9.053100789436456353e+01
9.930394195199980736e+08 -3.310757770293849944e+01 5.480490692429225419e+01
9.932118825600073338e+08 -3.222174699251360153e+01 6.466415219215106447e+01
1.005945082560007334e+09 2.474030703601948034e+01 8.265558674945980044e+01
1.006149945600016356e+09 8.673513776424695720e+01 6.965436768052559557e+01
1.008444945600016356e+09 2.332598863981393933e+01 7.492952978958311405e+01
1.011207715200005531e+09 -2.077592305249264637e+00 7.445630542324960288e+01
1.013206052159996271e+09 -1.103312172407225233e+02 7.527591622610822242e+01
1.014041704319992661e+09 5.224038107377687590e-01 7.263056111948803562e+01
1.015805482560007334e+09 7.022155702701988744e+00 7.362448533671019391e+01
1.018191608640025616e+09 -3.320328612325431550e+01 7.448332195987779869e+01
1.021296945600016356e+09 6.021370240214012171e+01 7.606927717357558549e+01
1.023111345600016356e+09 2.050134679843242225e+01 7.489458922912436378e+01
1.023484282560007334e+09 8.563306424368045455e+00 7.127542618245576023e+01
1.023574052159996271e+09 2.856880510532059603e+00 5.687779581002137519e+01
1.036360241280023813e+09 -1.108440905487044148e+01 8.279412466664273040e+01
1.038627230400010943e+09 -1.053720217536952930e+01 7.760340442970986885e+01
1.039472334720003605e+09 -3.150168155432571737e+01 7.357282305558439361e+01
1.041795345600016356e+09 -6.415885408369183551e+01 7.424084957072845725e+01
1.042151745600016356e+09 -6.929018157152290769e+01 7.027239845414882780e+01
1.044033304319992661e+09 -4.085349326464939423e+01 7.267943634765275362e+01
1.044894608640025616e+09 1.605711478675548278e+02 7.258852342027020654e+01
1.044982356480029225e+09 -1.828181201242837517e+01 5.640718383158245786e+01
1.046272282560007334e+09 1.248114138407051765e+00 7.168126724289237472e+01
