   0.0000000e+00  -1.4840000e+00   3.4668000e+00
   2.6399883e+03   4.7100000e-01   2.6028000e+00
   6.1719842e+03  -5.1540000e+00   2.2545000e+00
   7.6399921e+03  -7.5640000e+00   2.1708000e+00
   1.0278000e+04  -1.8120000e+00   1.8819000e+00
   1.2900996e+04   1.0137000e+01   1.7820000e+00
   1.5516000e+04   2.1320000e+00   1.8306000e+00
   1.7707968e+04  -4.3660000e+00   1.9089000e+00
   2.0331000e+04  -5.8050000e+00   1.9710000e+00
   2.2890996e+04  -5.9100000e-01   1.8009000e+00
   2.5498980e+04   4.9020000e+00   1.8711000e+00
   2.8001988e+04   4.9610000e+00   1.8873000e+00
   3.0993984e+04   4.1680000e+00   1.8711000e+00
   8.5866984e+04   5.4780000e+00   3.7665000e+00
   8.8246980e+04   2.5000000e-02   2.7810000e+00
   9.0887976e+04  -5.1900000e-01   2.8161000e+00
   9.3526992e+04  -3.4410000e+00   2.0493000e+00
   9.6144984e+04  -3.4650000e+00   1.9170000e+00
   9.8629992e+04   1.7190000e+00   1.9413000e+00
   1.0181398e+05   2.2370000e+00   1.9170000e+00
   1.0718100e+05   2.4200000e-01   1.8117000e+00
   1.0977797e+05   2.6960000e+00   1.8441000e+00
   1.1353500e+05  -5.5180000e+00   1.9197000e+00
   1.1536297e+05  -2.0160000e+00   1.9197000e+00
   1.1787300e+05   2.5650000e+00   2.1438000e+00
   1.7229899e+05   7.2150000e+00   3.5019000e+00
   1.7467398e+05   6.9540000e+00   3.0294000e+00
   1.7731498e+05  -7.5700000e-01   2.6217000e+00
   1.7993700e+05   9.3700000e-01   2.3436000e+00
   1.8205999e+05   1.5500000e+00   2.1087000e+00
   1.8525197e+05  -1.0220000e+00   1.9224000e+00
   1.8784998e+05  -1.3290000e+00   1.9521000e+00
   1.9045397e+05   1.7200000e+00   1.9899000e+00
   1.9221700e+05   5.5000000e-02   2.0331000e+00
   1.9484899e+05  -6.7100000e-01   1.9791000e+00
   1.9817899e+05   2.5880000e+00   2.0034000e+00
   2.0082398e+05   1.7440000e+00   2.1006000e+00
   2.0346397e+05  -8.9030000e+00   2.1573000e+00
   2.0491798e+05  -1.0077000e+01   2.2545000e+00
   2.5862497e+05  -1.0570000e+00   4.0797000e+00
   2.6169098e+05   1.2980000e+00   2.7297000e+00
   2.6432798e+05   1.5150000e+00   2.7135000e+00
   2.6694598e+05  -1.5070000e+00   2.4057000e+00
   2.6979998e+05  -2.5800000e-01   2.0601000e+00
   2.7298397e+05  -8.4800000e-01   2.0736000e+00
   2.7560099e+05  -2.3200000e-01   2.0385000e+00
   2.8060600e+05  -2.9070000e+00   2.0088000e+00
   2.8324397e+05   6.0300000e+00   1.9035000e+00
   2.8581998e+05   2.9840000e+00   1.9008000e+00
   2.8847200e+05  -5.2220000e+00   1.9710000e+00
   2.9063297e+05   2.0700000e-01   2.0412000e+00
   3.4492500e+05   5.4480000e+00   4.1580000e+00
   3.4735198e+05  -6.2450000e+00   2.7810000e+00
   3.4998700e+05  -5.2200000e-01   2.8323000e+00
   3.5260600e+05   7.9750000e+00   2.1897000e+00
   3.5512898e+05  -4.6800000e-01   1.8765000e+00
   3.5830598e+05  -7.9840000e+00   2.0115000e+00
   3.6093197e+05  -1.1030000e+00   2.0871000e+00
   3.6456300e+05   1.3558000e+01   2.2815000e+00
   3.6831600e+05  -5.7020000e+00   2.2815000e+00
   3.7092600e+05  -4.9750000e+00   1.9737000e+00
   3.7280599e+05  -9.7200000e-01   2.1060000e+00
   3.7376100e+05   1.5400000e+00   2.0466000e+00
   3.7641197e+05  -5.4500000e-01   2.0277000e+00
   4.3132900e+05   1.0193000e+01   4.1985000e+00
   4.3408800e+05   8.0630000e+00   2.5974000e+00
   4.3622899e+05  -1.6330000e+00   2.6487000e+00
   4.3821698e+05  -2.2290000e+00   2.4597000e+00
   4.4012397e+05   1.8720000e+00   2.0493000e+00
   4.4147297e+05   1.9110000e+00   2.2788000e+00
   4.4358599e+05  -3.8000000e-01   2.1141000e+00
   4.4576500e+05   2.8950000e+00   2.2680000e+00
   4.4782898e+05  -3.6900000e-01   2.3841000e+00
   4.4956598e+05  -3.2210000e+00   2.1654000e+00
   4.5162097e+05  -3.8680000e+00   1.9764000e+00
   4.5362797e+05   2.0940000e+00   2.0520000e+00
   4.5563997e+05   5.6790000e+00   2.0655000e+00
   4.5753797e+05  -2.5320000e+00   1.9170000e+00
   4.5934999e+05  -8.0650000e+00   1.9224000e+00
   4.6112997e+05  -8.3900000e+00   1.9305000e+00
   4.6305299e+05  -2.0270000e+00   2.0142000e+00
   5.1751397e+05   7.8100000e+00   3.8016000e+00
   5.1997399e+05   4.3260000e+00   2.7756000e+00
   5.2194100e+05   4.3210000e+00   2.3706000e+00
   5.2414999e+05  -1.6490000e+00   2.2545000e+00
   5.2624598e+05  -9.6980000e+00   2.2086000e+00
   5.2857097e+05  -6.4880000e+00   2.1276000e+00
   5.3061397e+05   2.0670000e+00   2.0979000e+00
   5.3271000e+05   6.0190000e+00   2.1006000e+00
   5.3494297e+05   7.6750000e+00   2.0007000e+00
   5.3888800e+05  -3.3370000e+00   2.0412000e+00
   5.4106697e+05  -5.3470000e+00   2.1141000e+00
   5.4303300e+05  -3.5150000e+00   2.1060000e+00
   5.4497498e+05  -2.5690000e+00   2.0304000e+00
   5.4652900e+05  -2.0520000e+00   2.0898000e+00
   5.4849297e+05  -7.1300000e-01   2.1006000e+00
   5.4973998e+05   3.1470000e+00   2.0952000e+00
   6.0362500e+05   2.6040000e+00   3.4263000e+00
   6.0549998e+05  -1.8680000e+00   2.7459000e+00
   6.0668597e+05  -4.6370000e+00   2.5812000e+00
   6.0848798e+05   9.8500000e-01   2.5272000e+00
   6.1059499e+05  -1.2720000e+00   2.1897000e+00
   6.1288999e+05  -3.8180000e+00   2.1006000e+00
   6.1631100e+05   3.6950000e+00   2.0682000e+00
   6.1799299e+05   2.4290000e+00   2.0493000e+00
   6.2020397e+05  -2.0310000e+00   2.1303000e+00
   6.2206200e+05  -2.4150000e+00   2.0466000e+00
   6.2444700e+05  -3.0000000e-02   1.9548000e+00
   6.2672097e+05   3.1740000e+00   1.9791000e+00
   6.2843497e+05   3.3390000e+00   1.9980000e+00
   6.3038999e+05   3.9440000e+00   2.1276000e+00
   6.3250898e+05  -1.2820000e+00   2.1924000e+00
   6.3461700e+05  -3.2340000e+00   2.1573000e+00
   6.3632200e+05   4.1400000e-01   2.4030000e+00
   6.8997798e+05   7.1510000e+00   3.7260000e+00
   6.9332097e+05  -5.7560000e+00   2.4786000e+00
   6.9569197e+05  -4.8270000e+00   2.2842000e+00
   6.9824599e+05   4.9580000e+00   2.1600000e+00
   7.0100697e+05   2.3560000e+00   1.9764000e+00
   7.0303900e+05  -3.6620000e+00   2.3949000e+00
   7.0471699e+05  -5.5560000e+00   2.3436000e+00
   7.1156797e+05  -1.5350000e+00   2.0412000e+00
   7.1354498e+05  -5.0300000e+00   2.0709000e+00
   7.1550198e+05  -1.9010000e+00   2.0223000e+00
   7.1806597e+05   7.8410000e+00   2.0196000e+00
   7.2046800e+05   4.2760000e+00   2.0196000e+00
   7.2095897e+05   4.3490000e+00   2.1357000e+00
   7.2330797e+05  -2.6690000e+00   2.1384000e+00
   7.7629399e+05   1.9320000e+00   3.6936000e+00
   7.7847498e+05  -1.7800000e+00   2.7864000e+00
   7.8082697e+05  -6.0000000e-03   2.7189000e+00
   7.8285899e+05   2.4850000e+00   2.2815000e+00
   7.8448097e+05  -6.7700000e-01   2.1816000e+00
   7.8609100e+05  -3.2640000e+00   2.3679000e+00
   7.8818497e+05  -3.2670000e+00   2.3274000e+00
   7.9164198e+05   2.9770000e+00   2.1924000e+00
   7.9398400e+05   2.7580000e+00   2.0871000e+00
   7.9824499e+05  -5.8880000e+00   2.0709000e+00
   8.0024400e+05  -4.7410000e+00   2.1060000e+00
   8.0253000e+05  -6.3800000e-01   2.2842000e+00
   8.0457300e+05   1.9710000e+00   2.2437000e+00
   8.0658000e+05   4.4900000e+00   2.3301000e+00
   8.0829497e+05   3.6550000e+00   2.3463000e+00
   8.6275800e+05  -3.3420000e+00   3.4965000e+00
   8.6494000e+05   4.1370000e+00   2.4678000e+00
   8.6720800e+05   1.5239000e+01   2.5731000e+00
   8.6901797e+05   6.0790000e+00   2.0493000e+00
   8.7177499e+05  -6.1060000e+00   2.0547000e+00
   8.7385900e+05  -1.5070000e+00   1.9602000e+00
   8.7562598e+05   4.2390000e+00   2.5569000e+00
   8.7741000e+05  -1.0510000e+00   2.1546000e+00
   8.7962897e+05  -5.4970000e+00   2.1681000e+00
   8.8151097e+05  -6.0980000e+00   2.0952000e+00
   8.8427200e+05   4.9890000e+00   2.0061000e+00
   8.8666200e+05   6.9780000e+00   1.9764000e+00
   8.8876998e+05   2.3600000e+00   2.0412000e+00
   8.9073198e+05  -1.0590000e+00   2.0196000e+00
   8.9198500e+05  -6.1740000e+00   2.0169000e+00
   8.9441899e+05  -8.5750000e+00   2.4975000e+00
   8.9663699e+05  -4.6130000e+00   2.5029000e+00
   9.4926297e+05  -5.2130000e+00   3.9933000e+00
   9.4972997e+05  -6.0910000e+00   3.2373000e+00
   9.5156100e+05  -3.6480000e+00   2.6838000e+00
   9.5356998e+05   4.7790000e+00   2.7162000e+00
   9.5516197e+05   5.5970000e+00   2.5974000e+00
   9.5671998e+05   6.6130000e+00   2.1789000e+00
   9.5822399e+05   8.6060000e+00   2.2491000e+00
   9.5972897e+05   8.4890000e+00   2.1492000e+00
   9.6193098e+05  -2.7610000e+00   2.1303000e+00
   9.6358900e+05  -7.9770000e+00   2.1789000e+00
   9.6481800e+05  -8.5010000e+00   2.1033000e+00
   9.6632100e+05  -4.6150000e+00   2.0007000e+00
   9.6783897e+05   2.6440000e+00   2.0979000e+00
   9.6944400e+05   5.9540000e+00   1.9467000e+00
   9.7110497e+05   4.2180000e+00   2.1060000e+00
   9.7339097e+05  -4.1900000e-01   3.2859000e+00
   9.7471998e+05  -3.5130000e+00   2.6109000e+00
   9.7614000e+05  -4.8670000e+00   3.2211000e+00
   9.7813699e+05   1.5430000e+00   2.1357000e+00
   9.7989599e+05   1.5520000e+00   1.9413000e+00
   9.8160199e+05  -1.7240000e+00   2.2167000e+00
   9.8287398e+05  -6.7400000e-01   2.4813000e+00
   1.0352130e+06   1.1420000e+00   3.0942000e+00
   1.0356980e+06   3.0590000e+00   2.7108000e+00
   1.0372620e+06   1.7790000e+00   6.3126000e+00
   1.0380530e+06   8.7330000e+00   6.6231000e+00
   1.0444160e+06  -7.0220000e+00   3.2292000e+00
   1.0466460e+06   3.3420000e+00   2.8134000e+00
   1.0488010e+06  -2.2210000e+00   3.3210000e+00
   1.0511620e+06  -1.2058000e+01   1.8495000e+00
   1.0534590e+06  -2.2170000e+00   2.8998000e+00
   1.0559680e+06   2.6590000e+00   2.7999000e+00
   1.0587820e+06  -6.6610000e+00   2.9646000e+00
   1.0602160e+06   4.0950000e+00   2.9727000e+00
   1.0623900e+06   6.7100000e+00   3.0348000e+00
   1.0643980e+06   5.4790000e+00   3.0483000e+00
   1.0662620e+06   4.2000000e-02   3.0834000e+00
   1.0681670e+06  -5.8390000e+00   2.4786000e+00
   1.0695740e+06  -1.0160000e+00   2.2680000e+00
   1.1216270e+06   7.8170000e+00   3.1131000e+00
   1.1238130e+06   3.5300000e+00   2.6946000e+00
   1.1262000e+06   1.5800000e+00   2.3598000e+00
   1.1267590e+06  -1.6100000e-01   2.3139000e+00
   1.1286430e+06   1.5080000e+00   2.1276000e+00
   1.1302410e+06   1.2270000e+00   1.9845000e+00
   1.1320790e+06   5.8730000e+00   1.9872000e+00
   1.1337170e+06   7.3230000e+00   2.0142000e+00
   1.1353850e+06   1.3280000e+00   1.9710000e+00
   1.1374490e+06  -1.1015000e+01   2.0439000e+00
   1.1396550e+06  -3.3250000e+00   2.0277000e+00
   1.1409190e+06   4.0020000e+00   1.9710000e+00
   1.1430810e+06   8.5220000e+00   2.0088000e+00
   1.1446920e+06   4.3000000e-01   2.1168000e+00
   1.1458840e+06  -9.5300000e+00   2.0493000e+00
   1.1471650e+06  -1.2308000e+01   2.1546000e+00
   1.1491090e+06  -1.1286000e+01   2.2086000e+00
   1.1504410e+06  -4.2620000e+00   2.1303000e+00
   1.1516760e+06   2.0830000e+00   2.1114000e+00
   1.1521390e+06   9.8700000e-01   2.1357000e+00
   1.1538290e+06   5.6020000e+00   2.3598000e+00
   1.1552950e+06   6.9000000e-02   2.4813000e+00
   1.2077830e+06   3.1340000e+00   3.0969000e+00
   1.2095330e+06  -6.3290000e+00   2.7648000e+00
   1.2131990e+06   6.3800000e+00   2.2707000e+00
   1.2146430e+06   4.7160000e+00   2.1546000e+00
   1.2156400e+06   3.3500000e+00   2.0250000e+00
   1.2171470e+06   1.4170000e+00   1.9710000e+00
   1.2207180e+06  -5.7730000e+00   1.9737000e+00
   1.2223810e+06  -3.6720000e+00   2.0520000e+00
   1.2242580e+06   3.9000000e-02   2.0952000e+00
   1.2264650e+06   5.5650000e+00   2.1195000e+00
   1.2275630e+06   2.7890000e+00   1.8495000e+00
   1.2287630e+06  -7.4000000e-01   2.0034000e+00
   1.2299630e+06  -6.1820000e+00   2.2410000e+00
   1.2311380e+06  -7.4870000e+00   2.7972000e+00
   1.2335400e+06  -2.5250000e+00   2.8431000e+00
   1.2347650e+06   5.5120000e+00   2.8809000e+00
   1.2367450e+06   8.6100000e+00   2.4408000e+00
   1.2381680e+06   3.2070000e+00   1.8576000e+00
   1.2395260e+06  -1.9160000e+00   2.2275000e+00
   1.2407610e+06  -5.1320000e+00   2.3031000e+00
   1.2420250e+06  -4.9710000e+00   2.4030000e+00
   1.2940550e+06   9.8900000e-01   2.7405000e+00
   1.2962530e+06   5.7000000e-01   2.7405000e+00
   1.2980480e+06   2.4180000e+00   3.2022000e+00
   1.3002160e+06  -1.7020000e+00   2.3706000e+00
   1.3018170e+06  -6.3200000e-01   2.0196000e+00
   1.3030270e+06  -1.2500000e-01   1.9764000e+00
   1.3041650e+06   1.2870000e+00   2.3544000e+00
   1.3063700e+06   6.4580000e+00   2.0628000e+00
   1.3080310e+06   3.2550000e+00   2.0898000e+00
   1.3096460e+06  -3.1450000e+00   2.0331000e+00
   1.3111510e+06  -3.1060000e+00   2.0979000e+00
   1.3136200e+06   4.4380000e+00   1.8468000e+00
   1.3148210e+06   3.2080000e+00   1.9170000e+00
   1.3169890e+06  -4.6420000e+00   1.9656000e+00
   1.3185230e+06  -6.6000000e+00   1.9467000e+00
   1.3204720e+06  -5.7050000e+00   1.9332000e+00
   1.3210180e+06  -4.8140000e+00   2.3058000e+00
   1.3222570e+06  -2.8390000e+00   2.2221000e+00
   1.3235890e+06   3.6400000e-01   2.2653000e+00
   1.3248370e+06   2.3040000e+00   2.3598000e+00
   1.3265290e+06   6.5090000e+00   2.5164000e+00
   1.3277870e+06   1.5060000e+00   2.4867000e+00
   1.3812600e+06  -7.3300000e-01   2.5407000e+00
   1.3829340e+06  -3.4690000e+00   2.5407000e+00
   1.3851120e+06  -6.5380000e+00   2.4030000e+00
   1.3890260e+06   7.4340000e+00   2.1087000e+00
   1.3908080e+06   1.1570000e+01   2.2599000e+00
   1.3918110e+06   7.8850000e+00   2.1924000e+00
   1.3940170e+06  -5.0590000e+00   2.2734000e+00
   1.3974370e+06  -5.3040000e+00   2.1546000e+00
   1.3981120e+06  -2.6310000e+00   2.1465000e+00
   1.4000820e+06   2.6070000e+00   2.1762000e+00
   1.4022460e+06   6.5560000e+00   2.1195000e+00
   1.4037620e+06   2.0850000e+00   2.4138000e+00
   1.4049530e+06  -4.5570000e+00   2.4381000e+00
   1.4060590e+06  -7.6830000e+00   2.3166000e+00
   1.4094080e+06   4.1740000e+00   2.4246000e+00
   1.4107190e+06   5.0180000e+00   2.3571000e+00
   1.4120480e+06   2.4030000e+00   2.3760000e+00
   1.4132820e+06  -1.5710000e+00   2.6541000e+00
   1.4145440e+06  -6.7070000e+00   2.8863000e+00
   1.4156060e+06  -5.4870000e+00   2.9349000e+00
   1.4670540e+06   7.2000000e-02   2.9403000e+00
   1.4687050e+06  -1.2430000e+00   2.6406000e+00
   1.4709780e+06  -6.9550000e+00   2.4435000e+00
   1.4730240e+06  -5.9590000e+00   2.2545000e+00
   1.4744740e+06  -1.1770000e+00   2.0925000e+00
   1.4758290e+06   5.4880000e+00   2.0466000e+00
   1.4778750e+06   7.9960000e+00   2.0088000e+00
   1.4797730e+06  -1.8220000e+00   2.0142000e+00
   1.4812520e+06  -6.1380000e+00   1.9872000e+00
   1.4825460e+06  -4.3920000e+00   2.1708000e+00
   1.4838950e+06  -3.0310000e+00   2.0088000e+00
   1.4864170e+06   7.7800000e-01   2.0223000e+00
   1.4884620e+06   5.5340000e+00   2.1843000e+00
   1.4897540e+06   5.9660000e+00   2.2491000e+00
   1.4908120e+06   8.5180000e+00   2.1141000e+00
   1.4925840e+06   3.7190000e+00   2.1222000e+00
   1.4948630e+06   2.3900000e-01   2.1060000e+00
   1.4960300e+06  -9.6700000e-01   2.1411000e+00
   1.4965380e+06  -2.5400000e+00   2.2491000e+00
   1.4976010e+06   3.8400000e-01   2.4057000e+00
   1.4990920e+06   1.2510000e+00   2.5218000e+00
   1.5001790e+06  -7.0200000e-01   2.6163000e+00
   1.5008340e+06  -3.6940000e+00   2.8971000e+00
   1.5011200e+06  -1.3300000e+00   2.9457000e+00
   1.6398620e+06   2.5000000e-01   2.7216000e+00
   1.6410980e+06   4.7750000e+00   2.2977000e+00
   1.6437340e+06   6.2260000e+00   2.2518000e+00
   1.6463530e+06  -3.6720000e+00   2.1465000e+00
   1.6478130e+06  -6.1730000e+00   1.9980000e+00
   1.6492870e+06  -1.3550000e+00   1.8441000e+00
   1.6513100e+06   4.8390000e+00   1.8765000e+00
   1.6527570e+06   6.0740000e+00   1.9062000e+00
   1.6553660e+06  -4.1530000e+00   1.9575000e+00
   1.6569730e+06  -3.8680000e+00   1.9548000e+00
   1.6584210e+06  -7.3800000e-01   1.9008000e+00
   1.6598690e+06   1.2030000e+00   1.9305000e+00
   1.6613210e+06  -1.6530000e+00   1.9386000e+00
   1.6665300e+06   9.9130000e+00   1.9008000e+00
   1.6679970e+06   6.0780000e+00   1.8900000e+00
   1.6689750e+06   2.4830000e+00   1.9710000e+00
   1.6723390e+06  -6.3240000e+00   2.1816000e+00
   1.6735620e+06  -8.3520000e+00   2.4705000e+00
   1.6742920e+06  -5.5600000e+00   2.1573000e+00
   1.7285730e+06   6.6360000e+00   2.8728000e+00
   1.7300450e+06   7.9810000e+00   2.2896000e+00
   1.7326630e+06   1.4640000e+00   2.1519000e+00
   1.7336580e+06  -2.4870000e+00   1.9980000e+00
   1.7351320e+06  -4.4830000e+00   1.9197000e+00
   1.7377420e+06  -3.1320000e+00   1.8873000e+00
   1.7395720e+06   4.7700000e-01   1.9116000e+00
   1.7410660e+06  -1.4980000e+00   1.9602000e+00
   1.7424140e+06   3.1600000e-01   6.3882000e+00
   1.7450460e+06   4.4710000e+00   1.9224000e+00
   1.7465450e+06   2.6660000e+00   2.0034000e+00
   1.7480030e+06   2.6120000e+00   2.0763000e+00
   1.7494520e+06   8.8000000e-01   1.9791000e+00
   1.7520500e+06  -3.5480000e+00   1.9494000e+00
   1.7535000e+06  -7.1490000e+00   1.9008000e+00
   1.7548670e+06  -6.4820000e+00   2.0034000e+00
   1.7563220e+06  -1.2710000e+00   2.0763000e+00
   1.7589290e+06   2.5430000e+00   2.2599000e+00
   1.8123860e+06  -3.8650000e+00   2.9133000e+00
   1.8138470e+06  -2.2100000e-01   2.3868000e+00
   1.8164610e+06   3.2890000e+00   2.1789000e+00
   1.8179390e+06   4.2680000e+00   2.1627000e+00
   1.8197910e+06   7.6400000e-01   1.8657000e+00
   1.8224590e+06  -3.9120000e+00   1.7901000e+00
   1.8235400e+06  -4.7590000e+00   1.7847000e+00
   1.8261950e+06   1.2940000e+00   1.8171000e+00
   1.8289970e+06   5.8550000e+00   1.8522000e+00
   1.8304970e+06   6.1390000e+00   1.9305000e+00
   1.8319470e+06   4.5100000e+00   1.8252000e+00
   1.8334000e+06   1.1850000e+00   1.8090000e+00
   1.8348570e+06  -1.6870000e+00   1.8009000e+00
   1.8362140e+06  -1.3790000e+00   1.8576000e+00
   1.8388180e+06  -3.0400000e-01   2.0034000e+00
   1.8414270e+06  -2.6040000e+00   2.0547000e+00
   1.8434290e+06  -1.7890000e+00   2.2194000e+00
   1.8448830e+06  -1.4010000e+00   2.4894000e+00
   1.8474900e+06  -5.3920000e+00   2.5326000e+00
   1.8987450e+06  -2.3830000e+00   2.7729000e+00
   1.9002110e+06  -3.1770000e+00   2.8242000e+00
   1.9016950e+06  -4.3200000e+00   2.4057000e+00
   1.9043160e+06  -5.8000000e-01   1.9116000e+00
   1.9057960e+06  -1.6690000e+00   2.0169000e+00
   1.9084680e+06   2.0600000e-01   2.1465000e+00
   1.9103280e+06  -1.0050000e+00   1.9764000e+00
   1.9117860e+06  -2.3860000e+00   1.9656000e+00
   1.9144030e+06  -2.6840000e+00   1.8414000e+00
   1.9175070e+06   5.0890000e+00   2.0655000e+00
   1.9188780e+06   3.9560000e+00   2.2896000e+00
   1.9203480e+06  -1.0720000e+00   2.2140000e+00
   1.9229960e+06  -7.7300000e+00   2.0898000e+00
   1.9256470e+06  -1.2540000e+00   1.8468000e+00
   1.9271130e+06   4.9750000e+00   1.8765000e+00
   1.9297270e+06   6.7810000e+00   2.2680000e+00
   1.9323410e+06   2.1850000e+00   2.3409000e+00
   1.9326300e+06   1.9840000e+00   1.9872000e+00
   1.9329190e+06   3.0890000e+00   1.9170000e+00
   1.9852770e+06  -2.5900000e+00   2.5245000e+00
   1.9867750e+06  -1.9980000e+00   2.6271000e+00
   1.9892790e+06  -2.5520000e+00   2.0520000e+00
   1.9917480e+06   1.1420000e+00   2.0439000e+00
   1.9932510e+06   2.5500000e+00   2.0115000e+00
   1.9952880e+06  -1.9000000e-01   1.9656000e+00
   1.9967560e+06  -6.0970000e+00   1.9980000e+00
   1.9982330e+06  -7.4270000e+00   2.0196000e+00
   2.0023830e+06  -5.5570000e+00   4.1040000e+00
   2.0043910e+06  -6.8000000e-02   1.8927000e+00
   2.0058490e+06  -2.6100000e-01   1.8846000e+00
   2.0084540e+06  -1.6780000e+00   1.9170000e+00
   2.0099020e+06   2.5070000e+00   2.0223000e+00
   2.0113630e+06   3.0550000e+00   1.9980000e+00
   2.0140110e+06   1.0246000e+01   5.1219000e+00
   2.0166600e+06  -1.6700000e+00   2.2518000e+00
   2.0181170e+06   4.6600000e-01   2.5677000e+00
   2.0194130e+06   3.1730000e+00   2.3841000e+00
   2.0202770e+06   6.9510000e+00   2.4570000e+00
   2.1576470e+06   5.8940000e+00   3.1104000e+00
   2.1604940e+06   6.8050000e+00   2.9889000e+00
   2.1630390e+06  -7.6430000e+00   2.3409000e+00
   2.1677730e+06   1.6430000e+00   2.1708000e+00
   2.1725040e+06  -4.5510000e+00   2.1978000e+00
   2.1779570e+06   2.6890000e+00   2.3463000e+00
   2.1826590e+06  -5.3280000e+00   2.1870000e+00
   2.1873600e+06   4.9620000e+00   2.4084000e+00
   2.1920700e+06  -4.4710000e+00   2.7648000e+00
   2.2449960e+06  -2.7120000e+00   2.5569000e+00
   2.2489910e+06   5.6660000e+00   2.4354000e+00
   2.2538580e+06  -2.1650000e+00   2.3841000e+00
   2.2586150e+06   1.1410000e+00   2.4300000e+00
   2.2633740e+06   5.1710000e+00   2.6163000e+00
   2.2682880e+06  -5.8870000e+00   2.0736000e+00
   2.2729970e+06  -3.6320000e+00   2.0007000e+00
   2.2777020e+06   2.4210000e+00   2.1951000e+00
   2.3305360e+06   1.0160000e+00   2.8431000e+00
   2.3335660e+06   6.2400000e-01   2.4003000e+00
   2.3379870e+06   4.5680000e+00   2.3193000e+00
   2.3427350e+06  -4.5200000e+00   2.4597000e+00
   2.3475210e+06   2.7970000e+00   2.5947000e+00
   2.3573950e+06  -3.1500000e-01   2.7270000e+00
   2.3621050e+06  -2.5230000e+00   2.7081000e+00
   2.3668260e+06  -1.6490000e+00   3.3345000e+00
   2.4274500e+06   2.2250000e+00   2.0358000e+00
   2.4322080e+06  -4.4520000e+00   2.0790000e+00
   2.4369400e+06   4.4460000e+00   2.3679000e+00
   2.4416380e+06  -5.9460000e+00   2.5056000e+00
   2.4463550e+06  -2.2520000e+00   2.2302000e+00
   2.4510730e+06   5.9780000e+00   3.9771000e+00
